"k"	"p"	"isSag.saySag"	"isSag.sayGm"	"isSag.ppv"	"isGm.saySag"	"isGm.sayGm"	"isGm.ppv"
"1"	1	1	220	780	0.986547085201794	3	659925	0.998819442867846
"2"	2	1	429	571	0.970588235294118	13	659915	0.999135485082197
"3"	3	1	NA	NA	NA	NA	NA	NA
"4"	4	1	424	576	0.986046511627907	6	659922	0.999127930743167
"5"	5	1	419	581	0.990543735224586	4	659924	0.999120370019909
"6"	1	2	220	780	0.986547085201794	3	659925	0.998819442867846
"7"	2	2	429	571	0.970588235294118	13	659915	0.999135485082197
"8"	3	2	421	579	0.990588235294118	4	659924	0.999123395351724
"9"	4	2	424	576	0.986046511627907	6	659922	0.999127930743167
"10"	5	2	417	583	0.990498812351544	4	659924	0.999117344706415
"11"	1	3	220	780	0.986547085201794	3	659925	0.998819442867846
"12"	2	3	429	571	0.970588235294118	13	659915	0.999135485082197
"13"	3	3	421	579	0.990588235294118	4	659924	0.999123395351724
"14"	4	3	424	576	0.986046511627907	6	659922	0.999127930743167
"15"	5	3	419	581	0.990543735224586	4	659924	0.999120370019909
"16"	1	4	220	780	0.986547085201794	3	659925	0.998819442867846
"17"	2	4	428	572	0.970521541950113	13	659915	0.999133972356761
"18"	3	4	421	579	0.990588235294118	4	659924	0.999123395351724
"19"	4	4	424	576	0.986046511627907	6	659922	0.999127930743167
"20"	5	4	419	581	0.990543735224586	4	659924	0.999120370019909
"21"	1	5	219	781	0.986486486486487	3	659925	0.998817931122163
"22"	2	5	429	571	0.970588235294118	13	659915	0.999135485082197
"23"	3	5	421	579	0.990588235294118	4	659924	0.999123395351724
"24"	4	5	424	576	0.986046511627907	6	659922	0.999127930743167
"25"	5	5	419	581	0.990543735224586	4	659924	0.999120370019909
"26"	1	6	220	780	0.986547085201794	3	659925	0.998819442867846
"27"	2	6	429	571	0.970588235294118	13	659915	0.999135485082197
"28"	3	6	421	579	0.990588235294118	4	659924	0.999123395351724
"29"	4	6	423	577	0.986013986013986	6	659922	0.999126418056651
"30"	5	6	419	581	0.990543735224586	4	659924	0.999120370019909
"31"	1	7	220	780	0.986547085201794	3	659925	0.998819442867846
"32"	2	7	427	573	0.970454545454545	13	659915	0.999132459635906
"33"	3	7	419	581	0.990543735224586	4	659924	0.999120370019909
"34"	4	7	424	576	0.986046511627907	6	659922	0.999127930743167
"35"	5	7	419	581	0.990543735224586	4	659924	0.999120370019909
"36"	1	8	220	780	0.986547085201794	3	659925	0.998819442867846
"37"	2	8	429	571	0.970588235294118	13	659915	0.999135485082197
"38"	3	8	421	579	0.990588235294118	4	659924	0.999123395351724
"39"	4	8	424	576	0.986046511627907	6	659922	0.999127930743167
"40"	5	8	417	583	0.990498812351544	4	659924	0.999117344706415
"41"	1	9	220	780	0.986547085201794	3	659925	0.998819442867846
"42"	2	9	429	571	0.970588235294118	13	659915	0.999135485082197
"43"	3	9	419	581	0.990543735224586	4	659924	0.999120370019909
"44"	4	9	424	576	0.986046511627907	6	659922	0.999127930743167
"45"	5	9	419	581	0.990543735224586	4	659924	0.999120370019909
"46"	1	10	210	790	0.985915492957746	3	659925	0.998804325616945
"47"	2	10	429	571	0.970588235294118	13	659915	0.999135485082197
"48"	3	10	421	579	0.990588235294118	4	659924	0.999123395351724
"49"	4	10	424	576	0.986046511627907	6	659922	0.999127930743167
"50"	5	10	418	582	0.990521327014218	4	659924	0.999118857360872
"51"	1	11	210	790	0.985915492957746	3	659925	0.998804325616945
"52"	2	11	429	571	0.970588235294118	13	659915	0.999135485082197
"53"	3	11	421	579	0.990588235294118	4	659924	0.999123395351724
"54"	4	11	424	576	0.986046511627907	6	659922	0.999127930743167
"55"	5	11	417	583	0.990498812351544	4	659924	0.999117344706415
"56"	1	12	220	780	0.986547085201794	3	659925	0.998819442867846
"57"	2	12	429	571	0.970588235294118	13	659915	0.999135485082197
"58"	3	12	420	580	0.990566037735849	4	659924	0.999121882683527
"59"	4	12	424	576	0.986046511627907	6	659922	0.999127930743167
"60"	5	12	418	582	0.990521327014218	4	659924	0.999118857360872
"61"	1	13	219	781	0.986486486486487	3	659925	0.998817931122163
"62"	2	13	419	581	0.969907407407407	13	659915	0.999120358033962
"63"	3	13	421	579	0.990588235294118	4	659924	0.999123395351724
"64"	4	13	423	577	0.986013986013986	6	659922	0.999126418056651
"65"	5	13	419	581	0.990543735224586	4	659924	0.999120370019909
"66"	1	14	220	780	0.986547085201794	3	659925	0.998819442867846
"67"	2	14	429	571	0.970588235294118	13	659915	0.999135485082197
"68"	3	14	419	581	0.990543735224586	4	659924	0.999120370019909
"69"	4	14	424	576	0.986046511627907	6	659922	0.999127930743167
"70"	5	14	417	583	0.990498812351544	4	659924	0.999117344706415
"71"	1	15	220	780	0.986547085201794	3	659925	0.998819442867846
"72"	2	15	427	573	0.970454545454545	13	659915	0.999132459635906
"73"	3	15	421	579	0.990588235294118	4	659924	0.999123395351724
"74"	4	15	423	577	0.986013986013986	6	659922	0.999126418056651
"75"	5	15	419	581	0.990543735224586	4	659924	0.999120370019909
"76"	1	16	219	781	0.986486486486487	3	659925	0.998817931122163
"77"	2	16	429	571	0.970588235294118	13	659915	0.999135485082197
"78"	3	16	421	579	0.990588235294118	4	659924	0.999123395351724
"79"	4	16	423	577	0.986013986013986	6	659922	0.999126418056651
"80"	5	16	418	582	0.990521327014218	4	659924	0.999118857360872
"81"	1	17	220	780	0.986547085201794	3	659925	0.998819442867846
"82"	2	17	429	571	0.970588235294118	13	659915	0.999135485082197
"83"	3	17	421	579	0.990588235294118	4	659924	0.999123395351724
"84"	4	17	424	576	0.986046511627907	6	659922	0.999127930743167
"85"	5	17	409	591	0.990314769975787	4	659924	0.999105243635648
"86"	1	18	220	780	0.986547085201794	3	659925	0.998819442867846
"87"	2	18	429	571	0.970588235294118	13	659915	0.999135485082197
"88"	3	18	421	579	0.990588235294118	4	659924	0.999123395351724
"89"	4	18	424	576	0.986046511627907	6	659922	0.999127930743167
"90"	5	18	419	581	0.990543735224586	4	659924	0.999120370019909
"91"	1	19	220	780	0.986547085201794	3	659925	0.998819442867846
"92"	2	19	429	571	0.970588235294118	13	659915	0.999135485082197
"93"	3	19	421	579	0.990588235294118	4	659924	0.999123395351724
"94"	4	19	424	576	0.986046511627907	6	659922	0.999127930743167
"95"	5	19	419	581	0.990543735224586	4	659924	0.999120370019909
"96"	1	20	220	780	0.986547085201794	3	659925	0.998819442867846
"97"	2	20	429	571	0.970588235294118	13	659915	0.999135485082197
"98"	3	20	420	580	0.990566037735849	4	659924	0.999121882683527
"99"	4	20	424	576	0.986046511627907	6	659922	0.999127930743167
"100"	5	20	419	581	0.990543735224586	4	659924	0.999120370019909
"101"	1	21	220	780	0.986547085201794	3	659925	0.998819442867846
"102"	2	21	429	571	0.970588235294118	13	659915	0.999135485082197
"103"	3	21	421	579	0.990588235294118	4	659924	0.999123395351724
"104"	4	21	424	576	0.986046511627907	6	659922	0.999127930743167
"105"	5	21	409	591	0.990314769975787	4	659924	0.999105243635648
"106"	1	22	220	780	0.986547085201794	3	659925	0.998819442867846
"107"	2	22	429	571	0.970588235294118	13	659915	0.999135485082197
"108"	3	22	421	579	0.990588235294118	4	659924	0.999123395351724
"109"	4	22	424	576	0.986046511627907	6	659922	0.999127930743167
"110"	5	22	419	581	0.990543735224586	4	659924	0.999120370019909
"111"	1	23	220	780	0.986547085201794	3	659925	0.998819442867846
"112"	2	23	427	573	0.970454545454545	13	659915	0.999132459635906
"113"	3	23	421	579	0.990588235294118	4	659924	0.999123395351724
"114"	4	23	421	579	0.985948477751756	6	659922	0.999123392697362
"115"	5	23	419	581	0.990543735224586	4	659924	0.999120370019909
"116"	1	24	210	790	0.985915492957746	3	659925	0.998804325616945
"117"	2	24	429	571	0.970588235294118	13	659915	0.999135485082197
"118"	3	24	419	581	0.990543735224586	4	659924	0.999120370019909
"119"	4	24	423	577	0.986013986013986	6	659922	0.999126418056651
"120"	5	24	418	582	0.990521327014218	4	659924	0.999118857360872
"121"	1	25	220	780	0.986547085201794	3	659925	0.998819442867846
"122"	2	25	429	571	0.970588235294118	13	659915	0.999135485082197
"123"	3	25	420	580	0.990566037735849	4	659924	0.999121882683527
"124"	4	25	424	576	0.986046511627907	6	659922	0.999127930743167
"125"	5	25	419	581	0.990543735224586	4	659924	0.999120370019909
"126"	1	26	220	780	0.986547085201794	3	659925	0.998819442867846
"127"	2	26	429	571	0.970588235294118	13	659915	0.999135485082197
"128"	3	26	420	580	0.990566037735849	4	659924	0.999121882683527
"129"	4	26	421	579	0.985948477751756	6	659922	0.999123392697362
"130"	5	26	418	582	0.990521327014218	4	659924	0.999118857360872
"131"	1	27	220	780	0.986547085201794	3	659925	0.998819442867846
"132"	2	27	429	571	0.970588235294118	13	659915	0.999135485082197
"133"	3	27	420	580	0.990566037735849	4	659924	0.999121882683527
"134"	4	27	424	576	0.986046511627907	6	659922	0.999127930743167
"135"	5	27	417	583	0.990498812351544	4	659924	0.999117344706415
"136"	1	28	220	780	0.986547085201794	3	659925	0.998819442867846
"137"	2	28	427	573	0.970454545454545	13	659915	0.999132459635906
"138"	3	28	420	580	0.990566037735849	4	659924	0.999121882683527
"139"	4	28	424	576	0.986046511627907	6	659922	0.999127930743167
"140"	5	28	419	581	0.990543735224586	4	659924	0.999120370019909
"141"	1	29	210	790	0.985915492957746	3	659925	0.998804325616945
"142"	2	29	427	573	0.970454545454545	13	659915	0.999132459635906
"143"	3	29	421	579	0.990588235294118	4	659924	0.999123395351724
"144"	4	29	423	577	0.986013986013986	6	659922	0.999126418056651
"145"	5	29	417	583	0.990498812351544	4	659924	0.999117344706415
"146"	1	30	220	780	0.986547085201794	3	659925	0.998819442867846
"147"	2	30	429	571	0.970588235294118	13	659915	0.999135485082197
"148"	3	30	419	581	0.990543735224586	4	659924	0.999120370019909
"149"	4	30	423	577	0.986013986013986	6	659922	0.999126418056651
"150"	5	30	419	581	0.990543735224586	4	659924	0.999120370019909
"151"	1	31	219	781	0.986486486486487	3	659925	0.998817931122163
"152"	2	31	427	573	0.970454545454545	13	659915	0.999132459635906
"153"	3	31	419	581	0.990543735224586	4	659924	0.999120370019909
"154"	4	31	423	577	0.986013986013986	6	659922	0.999126418056651
"155"	5	31	419	581	0.990543735224586	4	659924	0.999120370019909
"156"	1	32	220	780	0.986547085201794	3	659925	0.998819442867846
"157"	2	32	429	571	0.970588235294118	13	659915	0.999135485082197
"158"	3	32	421	579	0.990588235294118	4	659924	0.999123395351724
"159"	4	32	423	577	0.986013986013986	6	659922	0.999126418056651
"160"	5	32	417	583	0.990498812351544	4	659924	0.999117344706415
"161"	1	33	220	780	0.986547085201794	3	659925	0.998819442867846
"162"	2	33	427	573	0.970454545454545	13	659915	0.999132459635906
"163"	3	33	421	579	0.990588235294118	4	659924	0.999123395351724
"164"	4	33	421	579	0.985948477751756	6	659922	0.999123392697362
"165"	5	33	419	581	0.990543735224586	4	659924	0.999120370019909
"166"	1	34	220	780	0.986547085201794	3	659925	0.998819442867846
"167"	2	34	427	573	0.970454545454545	13	659915	0.999132459635906
"168"	3	34	421	579	0.990588235294118	4	659924	0.999123395351724
"169"	4	34	423	577	0.986013986013986	6	659922	0.999126418056651
"170"	5	34	419	581	0.990543735224586	4	659924	0.999120370019909
"171"	1	35	220	780	0.986547085201794	3	659925	0.998819442867846
"172"	2	35	427	573	0.970454545454545	13	659915	0.999132459635906
"173"	3	35	420	580	0.990566037735849	4	659924	0.999121882683527
"174"	4	35	423	577	0.986013986013986	6	659922	0.999126418056651
"175"	5	35	419	581	0.990543735224586	4	659924	0.999120370019909
"176"	1	36	220	780	0.986547085201794	3	659925	0.998819442867846
"177"	2	36	427	573	0.970454545454545	13	659915	0.999132459635906
"178"	3	36	421	579	0.990588235294118	4	659924	0.999123395351724
"179"	4	36	423	577	0.986013986013986	6	659922	0.999126418056651
"180"	5	36	417	583	0.990498812351544	4	659924	0.999117344706415
"181"	1	37	220	780	0.986547085201794	3	659925	0.998819442867846
"182"	2	37	429	571	0.970588235294118	13	659915	0.999135485082197
"183"	3	37	421	579	0.990588235294118	4	659924	0.999123395351724
"184"	4	37	423	577	0.986013986013986	6	659922	0.999126418056651
"185"	5	37	419	581	0.990543735224586	4	659924	0.999120370019909
"186"	1	38	220	780	0.986547085201794	3	659925	0.998819442867846
"187"	2	38	427	573	0.970454545454545	13	659915	0.999132459635906
"188"	3	38	421	579	0.990588235294118	4	659924	0.999123395351724
"189"	4	38	424	576	0.986046511627907	6	659922	0.999127930743167
"190"	5	38	409	591	0.990314769975787	4	659924	0.999105243635648
"191"	1	39	210	790	0.985915492957746	3	659925	0.998804325616945
"192"	2	39	429	571	0.970588235294118	13	659915	0.999135485082197
"193"	3	39	419	581	0.990543735224586	4	659924	0.999120370019909
"194"	4	39	423	577	0.986013986013986	6	659922	0.999126418056651
"195"	5	39	419	581	0.990543735224586	4	659924	0.999120370019909
"196"	1	40	219	781	0.986486486486487	3	659925	0.998817931122163
"197"	2	40	428	572	0.970521541950113	13	659915	0.999133972356761
"198"	3	40	421	579	0.990588235294118	4	659924	0.999123395351724
"199"	4	40	424	576	0.986046511627907	6	659922	0.999127930743167
"200"	5	40	418	582	0.990521327014218	4	659924	0.999118857360872
"201"	1	41	220	780	0.986547085201794	3	659925	0.998819442867846
"202"	2	41	429	571	0.970588235294118	13	659915	0.999135485082197
"203"	3	41	421	579	0.990588235294118	4	659924	0.999123395351724
"204"	4	41	424	576	0.986046511627907	6	659922	0.999127930743167
"205"	5	41	417	583	0.990498812351544	4	659924	0.999117344706415
"206"	1	42	220	780	0.986547085201794	3	659925	0.998819442867846
"207"	2	42	429	571	0.970588235294118	13	659915	0.999135485082197
"208"	3	42	419	581	0.990543735224586	4	659924	0.999120370019909
"209"	4	42	424	576	0.986046511627907	6	659922	0.999127930743167
"210"	5	42	419	581	0.990543735224586	4	659924	0.999120370019909
"211"	1	43	210	790	0.985915492957746	3	659925	0.998804325616945
"212"	2	43	429	571	0.970588235294118	13	659915	0.999135485082197
"213"	3	43	420	580	0.990566037735849	4	659924	0.999121882683527
"214"	4	43	424	576	0.986046511627907	6	659922	0.999127930743167
"215"	5	43	417	583	0.990498812351544	4	659924	0.999117344706415
"216"	1	44	210	790	0.985915492957746	3	659925	0.998804325616945
"217"	2	44	429	571	0.970588235294118	13	659915	0.999135485082197
"218"	3	44	420	580	0.990566037735849	4	659924	0.999121882683527
"219"	4	44	423	577	0.986013986013986	6	659922	0.999126418056651
"220"	5	44	419	581	0.990543735224586	4	659924	0.999120370019909
"221"	1	45	220	780	0.986547085201794	3	659925	0.998819442867846
"222"	2	45	429	571	0.970588235294118	13	659915	0.999135485082197
"223"	3	45	419	581	0.990543735224586	4	659924	0.999120370019909
"224"	4	45	424	576	0.986046511627907	6	659922	0.999127930743167
"225"	5	45	419	581	0.990543735224586	4	659924	0.999120370019909
"226"	1	46	210	790	0.985915492957746	3	659925	0.998804325616945
"227"	2	46	429	571	0.970588235294118	13	659915	0.999135485082197
"228"	3	46	421	579	0.990588235294118	4	659924	0.999123395351724
"229"	4	46	424	576	0.986046511627907	6	659922	0.999127930743167
"230"	5	46	418	582	0.990521327014218	4	659924	0.999118857360872
"231"	1	47	220	780	0.986547085201794	3	659925	0.998819442867846
"232"	2	47	429	571	0.970588235294118	13	659915	0.999135485082197
"233"	3	47	420	580	0.990566037735849	4	659924	0.999121882683527
"234"	4	47	424	576	0.986046511627907	6	659922	0.999127930743167
"235"	5	47	419	581	0.990543735224586	4	659924	0.999120370019909
"236"	1	48	220	780	0.986547085201794	3	659925	0.998819442867846
"237"	2	48	429	571	0.970588235294118	13	659915	0.999135485082197
"238"	3	48	420	580	0.990566037735849	4	659924	0.999121882683527
"239"	4	48	424	576	0.986046511627907	6	659922	0.999127930743167
"240"	5	48	417	583	0.990498812351544	4	659924	0.999117344706415
"241"	1	49	220	780	0.986547085201794	3	659925	0.998819442867846
"242"	2	49	429	571	0.970588235294118	13	659915	0.999135485082197
"243"	3	49	419	581	0.990543735224586	4	659924	0.999120370019909
"244"	4	49	424	576	0.986046511627907	6	659922	0.999127930743167
"245"	5	49	419	581	0.990543735224586	4	659924	0.999120370019909
"246"	1	50	220	780	0.986547085201794	3	659925	0.998819442867846
"247"	2	50	427	573	0.970454545454545	13	659915	0.999132459635906
"248"	3	50	421	579	0.990588235294118	4	659924	0.999123395351724
"249"	4	50	423	577	0.986013986013986	6	659922	0.999126418056651
"250"	5	50	419	581	0.990543735224586	4	659924	0.999120370019909
"251"	1	51	220	780	0.986547085201794	3	659925	0.998819442867846
"252"	2	51	429	571	0.970588235294118	13	659915	0.999135485082197
"253"	3	51	419	581	0.990543735224586	4	659924	0.999120370019909
"254"	4	51	424	576	0.986046511627907	6	659922	0.999127930743167
"255"	5	51	417	583	0.990498812351544	4	659924	0.999117344706415
"256"	1	52	220	780	0.986547085201794	3	659925	0.998819442867846
"257"	2	52	419	581	0.969907407407407	13	659915	0.999120358033962
"258"	3	52	419	581	0.990543735224586	4	659924	0.999120370019909
"259"	4	52	423	577	0.986013986013986	6	659922	0.999126418056651
"260"	5	52	419	581	0.990543735224586	4	659924	0.999120370019909
"261"	1	53	220	780	0.986547085201794	3	659925	0.998819442867846
"262"	2	53	427	573	0.970454545454545	13	659915	0.999132459635906
"263"	3	53	421	579	0.990588235294118	4	659924	0.999123395351724
"264"	4	53	423	577	0.986013986013986	6	659922	0.999126418056651
"265"	5	53	418	582	0.990521327014218	4	659924	0.999118857360872
"266"	1	54	220	780	0.986547085201794	3	659925	0.998819442867846
"267"	2	54	427	573	0.970454545454545	13	659915	0.999132459635906
"268"	3	54	421	579	0.990588235294118	4	659924	0.999123395351724
"269"	4	54	423	577	0.986013986013986	6	659922	0.999126418056651
"270"	5	54	419	581	0.990543735224586	4	659924	0.999120370019909
"271"	1	55	220	780	0.986547085201794	3	659925	0.998819442867846
"272"	2	55	427	573	0.970454545454545	13	659915	0.999132459635906
"273"	3	55	421	579	0.990588235294118	4	659924	0.999123395351724
"274"	4	55	421	579	0.985948477751756	6	659922	0.999123392697362
"275"	5	55	419	581	0.990543735224586	4	659924	0.999120370019909
"276"	1	56	210	790	0.985915492957746	3	659925	0.998804325616945
"277"	2	56	429	571	0.970588235294118	13	659915	0.999135485082197
"278"	3	56	421	579	0.990588235294118	4	659924	0.999123395351724
"279"	4	56	423	577	0.986013986013986	6	659922	0.999126418056651
"280"	5	56	419	581	0.990543735224586	4	659924	0.999120370019909
"281"	1	57	210	790	0.985915492957746	3	659925	0.998804325616945
"282"	2	57	429	571	0.970588235294118	13	659915	0.999135485082197
"283"	3	57	419	581	0.990543735224586	4	659924	0.999120370019909
"284"	4	57	423	577	0.986013986013986	6	659922	0.999126418056651
"285"	5	57	419	581	0.990543735224586	4	659924	0.999120370019909
"286"	1	58	210	790	0.985915492957746	3	659925	0.998804325616945
"287"	2	58	427	573	0.970454545454545	13	659915	0.999132459635906
"288"	3	58	420	580	0.990566037735849	4	659924	0.999121882683527
"289"	4	58	421	579	0.985948477751756	6	659922	0.999123392697362
"290"	5	58	419	581	0.990543735224586	4	659924	0.999120370019909
"291"	1	59	210	790	0.985915492957746	3	659925	0.998804325616945
"292"	2	59	429	571	0.970588235294118	13	659915	0.999135485082197
"293"	3	59	421	579	0.990588235294118	4	659924	0.999123395351724
"294"	4	59	424	576	0.986046511627907	6	659922	0.999127930743167
"295"	5	59	409	591	0.990314769975787	4	659924	0.999105243635648
"296"	1	60	210	790	0.985915492957746	3	659925	0.998804325616945
"297"	2	60	429	571	0.970588235294118	13	659915	0.999135485082197
"298"	3	60	421	579	0.990588235294118	4	659924	0.999123395351724
"299"	4	60	424	576	0.986046511627907	6	659922	0.999127930743167
"300"	5	60	419	581	0.990543735224586	4	659924	0.999120370019909
"301"	1	61	220	780	0.986547085201794	3	659925	0.998819442867846
"302"	2	61	429	571	0.970588235294118	13	659915	0.999135485082197
"303"	3	61	421	579	0.990588235294118	4	659924	0.999123395351724
"304"	4	61	424	576	0.986046511627907	6	659922	0.999127930743167
"305"	5	61	417	583	0.990498812351544	4	659924	0.999117344706415
"306"	1	62	220	780	0.986547085201794	3	659925	0.998819442867846
"307"	2	62	429	571	0.970588235294118	13	659915	0.999135485082197
"308"	3	62	411	589	0.990361445783133	4	659924	0.999108268875859
"309"	4	62	423	577	0.986013986013986	6	659922	0.999126418056651
"310"	5	62	419	581	0.990543735224586	4	659924	0.999120370019909
"311"	1	63	220	780	0.986547085201794	3	659925	0.998819442867846
"312"	2	63	429	571	0.970588235294118	13	659915	0.999135485082197
"313"	3	63	421	579	0.990588235294118	4	659924	0.999123395351724
"314"	4	63	423	577	0.986013986013986	6	659922	0.999126418056651
"315"	5	63	419	581	0.990543735224586	4	659924	0.999120370019909
"316"	1	64	219	781	0.986486486486487	3	659925	0.998817931122163
"317"	2	64	429	571	0.970588235294118	13	659915	0.999135485082197
"318"	3	64	421	579	0.990588235294118	4	659924	0.999123395351724
"319"	4	64	423	577	0.986013986013986	6	659922	0.999126418056651
"320"	5	64	417	583	0.990498812351544	4	659924	0.999117344706415
"321"	1	65	219	781	0.986486486486487	3	659925	0.998817931122163
"322"	2	65	427	573	0.970454545454545	13	659915	0.999132459635906
"323"	3	65	421	579	0.990588235294118	4	659924	0.999123395351724
"324"	4	65	424	576	0.986046511627907	6	659922	0.999127930743167
"325"	5	65	419	581	0.990543735224586	4	659924	0.999120370019909
"326"	1	66	210	790	0.985915492957746	3	659925	0.998804325616945
"327"	2	66	419	581	0.969907407407407	13	659915	0.999120358033962
"328"	3	66	421	579	0.990588235294118	4	659924	0.999123395351724
"329"	4	66	423	577	0.986013986013986	6	659922	0.999126418056651
"330"	5	66	418	582	0.990521327014218	4	659924	0.999118857360872
"331"	1	67	210	790	0.985915492957746	3	659925	0.998804325616945
"332"	2	67	427	573	0.970454545454545	13	659915	0.999132459635906
"333"	3	67	421	579	0.990588235294118	4	659924	0.999123395351724
"334"	4	67	424	576	0.986046511627907	6	659922	0.999127930743167
"335"	5	67	417	583	0.990498812351544	4	659924	0.999117344706415
"336"	1	68	220	780	0.986547085201794	3	659925	0.998819442867846
"337"	2	68	427	573	0.970454545454545	13	659915	0.999132459635906
"338"	3	68	420	580	0.990566037735849	4	659924	0.999121882683527
"339"	4	68	424	576	0.986046511627907	6	659922	0.999127930743167
"340"	5	68	409	591	0.990314769975787	4	659924	0.999105243635648
"341"	1	69	220	780	0.986547085201794	3	659925	0.998819442867846
"342"	2	69	419	581	0.969907407407407	13	659915	0.999120358033962
"343"	3	69	421	579	0.990588235294118	4	659924	0.999123395351724
"344"	4	69	423	577	0.986013986013986	6	659922	0.999126418056651
"345"	5	69	419	581	0.990543735224586	4	659924	0.999120370019909
"346"	1	70	220	780	0.986547085201794	3	659925	0.998819442867846
"347"	2	70	419	581	0.969907407407407	13	659915	0.999120358033962
"348"	3	70	419	581	0.990543735224586	4	659924	0.999120370019909
"349"	4	70	421	579	0.985948477751756	6	659922	0.999123392697362
"350"	5	70	418	582	0.990521327014218	4	659924	0.999118857360872
"351"	1	71	210	790	0.985915492957746	3	659925	0.998804325616945
"352"	2	71	419	581	0.969907407407407	13	659915	0.999120358033962
"353"	3	71	421	579	0.990588235294118	4	659924	0.999123395351724
"354"	4	71	424	576	0.986046511627907	6	659922	0.999127930743167
"355"	5	71	419	581	0.990543735224586	4	659924	0.999120370019909
"356"	1	72	220	780	0.986547085201794	3	659925	0.998819442867846
"357"	2	72	429	571	0.970588235294118	13	659915	0.999135485082197
"358"	3	72	420	580	0.990566037735849	4	659924	0.999121882683527
"359"	4	72	424	576	0.986046511627907	6	659922	0.999127930743167
"360"	5	72	419	581	0.990543735224586	4	659924	0.999120370019909
"361"	1	73	210	790	0.985915492957746	3	659925	0.998804325616945
"362"	2	73	429	571	0.970588235294118	13	659915	0.999135485082197
"363"	3	73	421	579	0.990588235294118	4	659924	0.999123395351724
"364"	4	73	424	576	0.986046511627907	6	659922	0.999127930743167
"365"	5	73	419	581	0.990543735224586	4	659924	0.999120370019909
"366"	1	74	220	780	0.986547085201794	3	659925	0.998819442867846
"367"	2	74	429	571	0.970588235294118	13	659915	0.999135485082197
"368"	3	74	421	579	0.990588235294118	4	659924	0.999123395351724
"369"	4	74	423	577	0.986013986013986	6	659922	0.999126418056651
"370"	5	74	417	583	0.990498812351544	4	659924	0.999117344706415
"371"	1	75	220	780	0.986547085201794	3	659925	0.998819442867846
"372"	2	75	429	571	0.970588235294118	13	659915	0.999135485082197
"373"	3	75	420	580	0.990566037735849	4	659924	0.999121882683527
"374"	4	75	424	576	0.986046511627907	6	659922	0.999127930743167
"375"	5	75	419	581	0.990543735224586	4	659924	0.999120370019909
"376"	1	76	220	780	0.986547085201794	3	659925	0.998819442867846
"377"	2	76	429	571	0.970588235294118	13	659915	0.999135485082197
"378"	3	76	421	579	0.990588235294118	4	659924	0.999123395351724
"379"	4	76	424	576	0.986046511627907	6	659922	0.999127930743167
"380"	5	76	417	583	0.990498812351544	4	659924	0.999117344706415
"381"	1	77	218	782	0.986425339366516	3	659925	0.998816419381057
"382"	2	77	429	571	0.970588235294118	13	659915	0.999135485082197
"383"	3	77	420	580	0.99290780141844	3	659925	0.99912188401299
"384"	4	77	424	576	0.988344988344988	5	659923	0.999127932063485
"385"	5	77	409	591	0.992718446601942	3	659925	0.99910524499028
"386"	1	78	211	789	0.981395348837209	4	659924	0.998805835514058
"387"	2	78	420	580	0.981308411214953	8	659920	0.999121877365632
"388"	3	78	404	596	0.990196078431373	4	659924	0.999097680615273
"389"	4	78	409	591	0.990314769975787	4	659924	0.999105243635648
"390"	5	78	411	589	0.990361445783133	4	659924	0.999108268875859
"391"	1	79	232	768	0.978902953586498	5	659923	0.998837580654194
"392"	2	79	404	596	0.982968369829684	7	659921	0.999097676517031
"393"	3	79	407	593	0.983091787439614	7	659921	0.999102214336108
"394"	4	79	407	593	0.987864077669903	5	659923	0.999102217054545
"395"	5	79	412	588	0.985645933014354	6	659922	0.999109778807285
"396"	1	80	222	778	0.977973568281938	5	659923	0.998822462808441
"397"	2	80	404	596	0.982968369829684	7	659921	0.999097676517031
"398"	3	80	410	590	0.983213429256595	7	659921	0.999106752196406
"399"	4	80	407	593	0.987864077669903	5	659923	0.999102217054545
"400"	5	80	412	588	0.985645933014354	6	659922	0.999109778807285
"401"	1	81	232	768	0.978902953586498	5	659923	0.998837580654194
"402"	2	81	402	598	0.982885085574572	7	659921	0.999094651327214
"403"	3	81	410	590	0.983213429256595	7	659921	0.999106752196406
"404"	4	81	407	593	0.987864077669903	5	659923	0.999102217054545
"405"	5	81	412	588	0.985645933014354	6	659922	0.999109778807285
"406"	1	82	232	768	0.978902953586498	5	659923	0.998837580654194
"407"	2	82	404	596	0.982968369829684	7	659921	0.999097676517031
"408"	3	82	410	590	0.983213429256595	7	659921	0.999106752196406
"409"	4	82	403	597	0.987745098039216	5	659923	0.999096166656574
"410"	5	82	412	588	0.985645933014354	6	659922	0.999109778807285
"411"	1	83	221	779	0.973568281938326	6	659922	0.998820949264493
"412"	2	83	410	590	0.978520286396181	9	659919	0.99910674949168
"413"	3	83	398	602	0.985148514851485	6	659922	0.999088602382351
"414"	4	83	406	594	0.985436893203884	6	659922	0.999100703086678
"415"	5	83	414	586	0.983372921615202	7	659921	0.999112802740925
"416"	1	84	241	759	0.975708502024291	6	659922	0.998851185367825
"417"	2	84	422	578	0.979118329466357	9	659919	0.999124901400006
"418"	3	84	410	590	0.980861244019139	8	659920	0.999106750844045
"419"	4	84	407	593	0.978365384615385	9	659919	0.999102211617654
"420"	5	84	428	572	0.981651376146789	8	659920	0.999133978912689
"421"	1	85	234	766	0.983193277310924	4	659924	0.998840606033087
"422"	2	85	417	583	0.985815602836879	6	659922	0.999117342033747
"423"	3	85	410	590	0.987951807228916	5	659923	0.999106754901115
"424"	4	85	401	599	0.985257985257985	6	659922	0.999093140112124
"425"	5	85	406	594	0.987834549878346	5	659923	0.999100704448182
"426"	1	86	236	764	0.983333333333333	4	659924	0.998843629670889
"427"	2	86	417	583	0.985815602836879	6	659922	0.999117342033747
"428"	3	86	NA	NA	NA	NA	NA	NA
"429"	4	86	401	599	0.985257985257985	6	659922	0.999093140112124
"430"	5	86	406	594	0.987834549878346	5	659923	0.999100704448182
"431"	1	87	236	764	0.983333333333333	4	659924	0.998843629670889
"432"	2	87	417	583	0.985815602836879	6	659922	0.999117342033747
"433"	3	87	410	590	0.987951807228916	5	659923	0.999106754901115
"434"	4	87	401	599	0.985257985257985	6	659922	0.999093140112124
"435"	5	87	409	591	0.98792270531401	5	659923	0.999105242281011
"436"	1	88	235	765	0.98326359832636	4	659924	0.998842117849699
"437"	2	88	417	583	0.985815602836879	6	659922	0.999117342033747
"438"	3	88	410	590	0.987951807228916	5	659923	0.999106754901115
"439"	4	88	NA	NA	NA	NA	NA	NA
"440"	5	88	406	594	0.987834549878346	5	659923	0.999100704448182
"441"	1	89	234	766	0.983193277310924	4	659924	0.998840606033087
"442"	2	89	415	585	0.985748218527316	6	659922	0.999114316729422
"443"	3	89	410	590	0.987951807228916	5	659923	0.999106754901115
"444"	4	89	401	599	0.985257985257985	6	659922	0.999093140112124
"445"	5	89	NA	NA	NA	NA	NA	NA
"446"	1	90	236	764	0.983333333333333	4	659924	0.998843629670889
"447"	2	90	415	585	0.985748218527316	6	659922	0.999114316729422
"448"	3	90	410	590	0.987951807228916	5	659923	0.999106754901115
"449"	4	90	401	599	0.985257985257985	6	659922	0.999093140112124
"450"	5	90	NA	NA	NA	NA	NA	NA
"451"	1	91	235	765	0.98326359832636	4	659924	0.998842117849699
"452"	2	91	420	580	0.985915492957746	6	659922	0.999121880024587
"453"	3	91	410	590	0.987951807228916	5	659923	0.999106754901115
"454"	4	91	404	596	0.985365853658537	6	659922	0.999097677883116
"455"	5	91	NA	NA	NA	NA	NA	NA
"456"	1	92	236	764	0.983333333333333	4	659924	0.998843629670889
"457"	2	92	417	583	0.985815602836879	6	659922	0.999117342033747
"458"	3	92	410	590	0.987951807228916	5	659923	0.999106754901115
"459"	4	92	401	599	0.985257985257985	6	659922	0.999093140112124
"460"	5	92	407	593	0.987864077669903	5	659923	0.999102217054545
"461"	1	93	235	765	0.98326359832636	4	659924	0.998842117849699
"462"	2	93	NA	NA	NA	NA	NA	NA
"463"	3	93	410	590	0.987951807228916	5	659923	0.999106754901115
"464"	4	93	401	599	0.985257985257985	6	659922	0.999093140112124
"465"	5	93	406	594	0.987834549878346	5	659923	0.999100704448182
"466"	1	94	236	764	0.983333333333333	4	659924	0.998843629670889
"467"	2	94	417	583	0.985815602836879	6	659922	0.999117342033747
"468"	3	94	410	590	0.987951807228916	5	659923	0.999106754901115
"469"	4	94	404	596	0.985365853658537	6	659922	0.999097677883116
"470"	5	94	NA	NA	NA	NA	NA	NA
"471"	1	95	NA	NA	NA	NA	NA	NA
"472"	2	95	417	583	0.985815602836879	6	659922	0.999117342033747
"473"	3	95	410	590	0.987951807228916	5	659923	0.999106754901115
"474"	4	95	401	599	0.985257985257985	6	659922	0.999093140112124
"475"	5	95	406	594	0.987834549878346	5	659923	0.999100704448182
"476"	1	96	236	764	0.983333333333333	4	659924	0.998843629670889
"477"	2	96	NA	NA	NA	NA	NA	NA
"478"	3	96	410	590	0.987951807228916	5	659923	0.999106754901115
"479"	4	96	401	599	0.985257985257985	6	659922	0.999093140112124
"480"	5	96	406	594	0.987834549878346	5	659923	0.999100704448182
"481"	1	97	231	769	0.982978723404255	4	659924	0.998836070610707
"482"	2	97	418	582	0.985849056603774	6	659922	0.99911885469278
"483"	3	97	NA	NA	NA	NA	NA	NA
"484"	4	97	401	599	0.985257985257985	6	659922	0.999093140112124
"485"	5	97	406	594	0.987834549878346	5	659923	0.999100704448182
"486"	1	98	233	767	0.983122362869198	4	659924	0.99883909422105
"487"	2	98	415	585	0.985748218527316	6	659922	0.999114316729422
"488"	3	98	410	590	0.987951807228916	5	659923	0.999106754901115
"489"	4	98	NA	NA	NA	NA	NA	NA
"490"	5	98	406	594	0.987834549878346	5	659923	0.999100704448182
"491"	1	99	209	791	0.972093023255814	6	659922	0.998802808481141
"492"	2	99	392	608	0.982456140350877	7	659921	0.999079525652924
"493"	3	99	398	602	0.982716049382716	7	659921	0.999088601002539
"494"	4	99	396	604	0.982630272952854	7	659921	0.999085575867681
"495"	5	99	387	613	0.982233502538071	7	659921	0.999071962987522
"496"	1	100	221	779	0.982222222222222	4	659924	0.998820952833573
"497"	2	100	413	587	0.990407673860911	4	659924	0.99911129413439
"498"	3	100	414	586	0.990430622009569	4	659924	0.999112806770526
"499"	4	100	406	594	0.990243902439024	4	659924	0.999100705809683
"500"	5	100	415	585	0.990453460620525	4	659924	0.999114319411242
